-1.3379120558232274 -2.182652060376043 -0.045965726619593375
-8.1819368123294 -2.578580222495582 -1.0179345447230155
-1.1065987928191705 -2.168832551301066 -0.01645670656624915
-10.049855960531454 -2.682502552187629 -1.306961846294385
-1.7971521904329117 -2.2100180536997223 -0.10539820615556954
-4.084028289675784 -2.344614175407684 -0.41585501718833273
-1.0398728632720076 -2.1648421030011296 -0.007999673212903034
-2.7033859673220144 -2.2637052211609134 -0.22572120306635576
-1.4668944209661592 -2.1903479851006398 -0.06254645696414149
-1.7514661472845472 -2.20730014682461 -0.0994370352335978
-2.935420553063037 -2.277379044633494 -0.2571294517927998
-3.8120164772042715 -2.3287600209222847 -0.3778001229233182
-3.371702549397856 -2.303006402989908 -0.31680066202037216
-3.3364045493359367 -2.300937031902767 -0.31194380908284053
-8.953061701706584 -2.621669277764254 -1.1363026326074155
-1.787417708724243 -2.2094390267958732 -0.10412715761239168
-2.375230486331842 -2.2443156773783355 -0.1817083832112675
-4.116436779185401 -2.346500272927222 -0.42040735377294364
-3.070193197109312 -2.285307226803414 -0.2754781481616849
-3.6899476686600594 -2.321631466814501 -0.3608134785403343
5.9394224960834165 -1.292505304004901 -0.006229054408372284
5.979928879105636 -1.2893635373762036 -0.0049797409687761035
5.935569889673268 -1.292835217582424 -0.006295707638081064
6.009524692007535 -1.287388324491737 -0.0035026265854521794
5.983075567810083 -1.2891421799420555 -0.004843468375409789
5.9381907394367754 -1.292610153803931 -0.006251399625353585
5.949559708044728 -1.2916644239193324 -0.006008752544341959
5.956430887236187 -1.2911161281721533 -0.005823271010627482
5.9620480200155335 -1.290680387173064 -0.005650541257531858
5.938391319093539 -1.2925930398157945 -0.006247827034336065
5.938990473669716 -1.292542011578371 -0.006237002066419576
6.005275889286566 -1.2876583450004044 -0.0037401018820290817
5.933657725267709 -1.2930011301647468 -0.006325240122420576
6.048099694006393 -1.2850813296310377 -0.0010408224099542544
6.0095480585497985 -1.287386850548586 -0.0035012989703647654
5.9824192557322124 -1.289188106029061 -0.004872324540889628
5.9532856891822545 -1.2913649832878733 -0.005911738382433022
6.0032511087791525 -1.287788473223996 -0.0038504656863963182
5.959664129226363 -1.2908639687176056 -0.005726134280899706
5.978850244075913 -1.2894400994813306 -0.005025235785336007
-1.6049755819040028 0.2541137292568947 0.8494262887553884
-9.134127429439326 1.8538984656084496 0.26852919500807715
-6.312015040973474 1.2536734425208809 0.5121783289234458
-3.4404024722596 0.6436977378560913 0.7295898169958183
-1.673809293915084 0.2687236065769304 0.845228423424395
-1.3057867085424915 0.19060875072732478 0.8673953856034686
-1.458220505876758 0.22296450435065662 0.8582967298354901
-0.8205327139806954 0.08759501280855876 0.8955754286829994
-1.6181247296322128 0.25690463347627096 0.8486262167578503
-2.614812241584889 0.4684472747592717 0.7854909411701297
-3.284738907038704 0.610651675124667 0.7403713766315548
-5.606103320616538 1.1036568534864375 0.5687071870671856
-2.3446434157518787 0.4111041140353077 0.8030848742201625
-1.9483899461448717 0.327001906969154 0.8282474135085617
-3.2747178768137193 0.6085243472727572 0.7410616628310551
-1.2836105946778862 0.18590150024712312 0.8687092675389139
-0.9023579383380192 0.10496739616188314 0.8909074227300087
-4.25788936501386 0.8172717452206103 0.6711932210384456
-3.8539171666556324 0.731491468893145 0.7004187327184139
-2.9502644293468965 0.5396504527118006 0.7631608324009125
0.01928372747334981 3.3798527304492487 -0.5147279296798556
0.7750997909168096 2.9275824007944142 -0.34727497741641644
0.8008731301781501 2.911777252511654 -0.34207086800865744
0.1210438312351468 3.320418490998219 -0.49029781165439823
0.983563785456175 2.799134792366602 -0.30601839211676773
0.24925031784399954 3.2448105815190864 -0.460444959125595
0.6444226391474601 3.0073742472998153 -0.37412686833927833
0.7335574765201209 2.9530112384385947 -0.35572616904959
0.9046417155467839 2.8479249636091524 -0.32141552676387525
0.14834986158572572 3.30438072495223 -0.48385576020040777
0.48153292595080965 3.1059865803221975 -0.4087332185541886
1.0852419836078064 2.7359982670584566 -0.2865696335714786
0.13656812170008284 3.311305028296459 -0.4866295985848375
0.2164401757107532 3.264233059272097 -0.46799102335287
0.705398471649753 2.9702148389903043 -0.3614994538960157
0.9912493605504461 2.7943733086074714 -0.3045331631633036
0.24273859672448364 3.24866917729569 -0.46193761014327406
0.26218333784559605 3.2371413361012515 -0.4574876425329826
0.6943275194101302 2.97697117222076 -0.36377926580583997
1.0554236143454898 2.754545705263772 -0.2922285045577255
