1 0.14386564533048055
2 0.0031502843417171907
3 0.0004908702383708722
4 1.3459616594845599e-05
5 1.155021683831552e-06
6 6.726823238798945e-08
7 2.7566542411792505e-09
8 2.2500742868412916e-10
9 4.922471619353651e-12
10 6.759929382537267e-13
11 1.81821699483554e-14
12 1.7518185399843833e-15
13 1.0941325610592608e-15
14 1.1379244768103777e-15
15 1.2470699140643299e-15
16 1.1556744365267447e-15
17 1.0742984228318e-15
18 1.0809962941339917e-15
19 1.0922450436966385e-15
20 1.0875611137769519e-15
21 1.0839919029451739e-15
