5.55458276840687 0.13122811598245862 0.061424328987924874
5.525195269021315 0.1235170358900684 0.12082816489199934
5.533970421262747 0.12588761280673783 0.10348894036923234
5.598660860457336 0.1417530799243233 -0.03568503940910644
5.525731559907537 0.12366366262851322 0.11977778064119109
5.606881455870443 0.14361458001913316 -0.05503411207720961
5.581808068817314 0.13785130808439283 0.002699403355568046
5.602477700524576 0.14262028977379781 -0.04461558952499715
5.563376469400274 0.1334167433824011 0.04287085938016955
5.573862682609628 0.13596345386531627 0.02023701269272413
5.624983727965569 0.14764871115590608 -0.09923090882265903
5.654102443086736 0.1541008269719853 -0.17557470915214282
5.564648638308297 0.1337292561220241 0.04015503455487894
5.566478697490688 0.13417705601942456 0.03623385731283175
5.624419701128316 0.14752391709642942 -0.09781884324507473
5.544233999811298 0.12858532173083925 0.08278513418257392
5.577281691298111 0.13678001047570534 0.012732422334386838
5.600631038658314 0.142201381062736 -0.04028344042394942
5.634115077221359 0.14966582380774707 -0.12242604170213349
5.566278436871584 0.13412815425798774 0.03666377625584547
-6.918275806149629 0.09612738246255759 -0.002005024475997972
-10.275769266952555 0.8387661612410815 0.003939988801184415
-4.4763173288674745 -0.38464167107429753 -0.0037285571578593957
-5.649176926917689 -0.16094326586833696 -0.0034403827888304654
-2.811551176410206 -0.6754457368125998 -0.000775777501779771
-4.903096006220173 -0.304899004058754 -0.0037803722380847656
-5.531958373528105 -0.1839293044600183 -0.0035242999309953687
-6.083500277987 -0.07462524345025585 -0.0030477937580913714
-10.221330610465133 0.8260926758676611 0.0038365033512510536
-6.817792639892203 0.07524894960236946 -0.0021468840378420797
-2.9071387147427994 -0.6596955638293593 -0.001107964330496254
-3.0890471452658383 -0.6293840847332426 -0.0016724192254674042
-1.5803459350959033 -0.8665767441466268 0.006383454770700163
-9.453894597360478 0.6494957761574287 0.002379215521934003
-3.135538188314927 -0.6215671745652902 -0.001803191576737497
-10.398321707429536 0.8673660157587525 0.0041727979586799165
-2.052813540886149 -0.7959126296414881 0.0029041536900055605
-7.47276290989202 0.21286694224168617 -0.0011598512526163308
-2.842895358644974 -0.6702947185008625 -0.0008875199896663541
-5.002194197095512 -0.2861051032483437 -0.0037641064313368483
