5.55458276840687 0.13122811598245862
5.525195269021315 0.1235170358900684
5.533970421262747 0.12588761280673783
5.598660860457336 0.1417530799243233
5.525731559907537 0.12366366262851322
5.606881455870443 0.14361458001913316
5.581808068817314 0.13785130808439283
5.602477700524576 0.14262028977379781
5.563376469400274 0.1334167433824011
5.573862682609628 0.13596345386531627
5.624983727965569 0.14764871115590608
5.654102443086736 0.1541008269719853
5.564648638308297 0.1337292561220241
5.566478697490688 0.13417705601942456
5.624419701128316 0.14752391709642942
5.544233999811298 0.12858532173083925
5.577281691298111 0.13678001047570534
5.600631038658314 0.142201381062736
5.634115077221359 0.14966582380774707
5.566278436871584 0.13412815425798774
-6.918275806149629 0.09612738246255759
-10.275769266952555 0.8387661612410815
-4.4763173288674745 -0.38464167107429753
-5.649176926917689 -0.16094326586833696
-2.811551176410206 -0.6754457368125998
-4.903096006220173 -0.304899004058754
-5.531958373528105 -0.1839293044600183
-6.083500277987 -0.07462524345025585
-10.221330610465133 0.8260926758676611
-6.817792639892203 0.07524894960236946
-2.9071387147427994 -0.6596955638293593
-3.0890471452658383 -0.6293840847332426
-1.5803459350959033 -0.8665767441466268
-9.453894597360478 0.6494957761574287
-3.135538188314927 -0.6215671745652902
-10.398321707429536 0.8673660157587525
-2.052813540886149 -0.7959126296414881
-7.47276290989202 0.21286694224168617
-2.842895358644974 -0.6702947185008625
-5.002194197095512 -0.2861051032483437
