4323.143269557742 -127.51755065353092
3693.0198080125397 -99.00440060420529
3432.7702097282536 -85.27543949389684
4093.2422750800233 -117.66962041020271
3821.0512064049376 -105.24172145345598
4049.65510855715 -115.7433335446679
3401.832850262021 -83.53061799779488
3352.0790575845813 -80.66643117974533
3574.4291067717477 -92.9429793068439
5126.051848223077 -159.5971536614146
3152.397669727129 -68.35742453676133
2620.6502337804236 -26.808192999313256
4786.952841625286 -146.30550664105428
3893.8466451747 -108.66583256535421
2553.4031725664872 -20.35159370662606
5285.5005313053525 -165.81703740170747
3763.8970520378252 -102.49331473449206
2690.567385362076 -33.191584560428076
4008.9046182171073 -113.92241661372896
3724.6018791114884 -100.57054347431016
1844.4362907292893 -147.4679435861668
1690.543107796721 -131.10294656198218
1590.3265616309423 -120.05533654030296
1617.1524298258375 -123.05367689891939
1424.2219015352443 -100.75066515852872
1382.9367161114737 -95.79839348722045
1339.240103615137 -90.54865424803263
1513.6822129499112 -111.3023815259029
1641.6742907234952 -125.76694756288377
1636.8146125176602 -125.23124662852109
1488.2926115701396 -108.34126895237654
1561.6895888585436 -116.81785455268705
1506.7638554748944 -110.49846438660308
1448.315817399566 -103.62253832504624
1294.1928183500856 -85.17977889052443
1303.1988578013404 -86.24708856219229
1314.7177352367878 -87.61713778629509
1316.5003208321882 -87.82960703463768
1371.7673185029091 -94.45546124780934
1443.6611890391407 -103.06916069518266
139.30601219510132 3698.6565959986024
172.35508552802332 5190.652846220923
141.1060654803317 2576.1864374688407
135.0886524586953 3029.254001286933
163.85721225985165 4862.804907668507
137.42705401355877 3551.3451871514544
173.79578588957438 5245.124647106768
143.61374863033512 2482.6460275999902
146.828845885725 4129.312394982345
135.11277990246555 3248.7768832459024
147.12628314461273 4143.941022182958
143.93682045884867 2471.7933892346855
138.88241572794843 3668.146218140174
140.7210083111363 3793.0897290428848
179.29886574511983 5451.279349868182
140.57964328956058 3784.087533653809
138.49379237686028 3638.983990299444
139.93784348521228 2627.3119423179896
135.11527572855974 3022.2297544712987
144.96609485335298 4034.875260138733
