0.49737540558672416 -0.027544588349851757 0.16921824402031313
0.6258526865670061 -0.030385504459713112 0.11061047725485833
0.47792015401713495 -0.02682879546039114 0.1746988516660318
0.5500318517479107 -0.029161869926115244 0.14985639361170483
0.5906334537302508 -0.03001089849454593 0.13048539197674078
0.685207337755563 -0.030010921685966932 0.07079900951582097
0.9169909439420278 -0.002783341269965131 -0.15564923800272326
0.5633928934780688 -0.02948462247066746 0.1439046027341356
0.3218802170510352 -0.01953433471697136 0.18491449056324813
0.7845361329970448 -0.02509272042833377 -0.012932623121575471
0.7706134603781384 -0.026215542629716086 5.5428324663294355e-05
0.7250059582991902 -0.028824156032784768 0.03976958975260753
0.9107256504133414 -0.004469319333494094 -0.14815435892039944
0.5455267257118362 -0.029044286537350292 0.15176911077642727
0.6914808533743941 -0.02988067934030424 0.06613595922778616
0.3268186176603993 -0.01979690279394345 0.18553340947684846
0.758866352467428 -0.027035694034790794 0.010702035645051037
0.5009695102490324 -0.02767048276661555 0.16810628041397152
0.42312037648965684 -0.02454188045108735 0.1851946565882955
0.8037046920261064 -0.02325269232900788 -0.031462923157114873
0.9008523682152149 -0.007025955426000269 -0.2692994745161272
0.39388271450159623 -0.022568243414785527 0.13331684399875507
0.6093532827935748 -0.029215153629368055 0.04078583209422459
0.4124109215228317 -0.023399772898920458 0.1300124694751011
0.6790876325788138 -0.02901343670616241 -0.014387819119733587
0.8418924325360557 -0.017805758652475922 -0.19005228970241958
0.5093496601560604 -0.027098193948224696 0.0984426010702628
0.9171059372011133 -0.0030642359140942814 -0.2925436456520512
0.4763232777001676 -0.025978982381631183 0.11189180335719213
0.7215332910577047 -0.027873395431829262 -0.05392647821276432
0.6082349094378059 -0.029204972896007098 0.041570893402010665
0.5950955253920359 -0.029058633519246337 0.050557414962171136
0.47516382366256754 -0.02593675686580084 0.11231339557112961
0.8137644149199115 -0.02134099887432276 -0.1551118689710842
0.6358720428800415 -0.029343190493461745 0.02124545422102715
0.5620452038594824 -0.028491583076072587 0.07122780788777124
0.3768890912082777 -0.021777435577250218 0.1355782329566292
0.6712499367712654 -0.029129212514724123 -0.0075778210215850135
0.8999882877594267 -0.007223147105952726 -0.26808042598708665
0.6828053830482826 -0.02894899786542796 -0.017671756741252122
0.02870275080553954 0.6115865275897163 0.030389161863404988
0.03619896315408944 0.6908948621910721 0.01676639299584391
0.06081512547770121 0.8460130648628266 -0.028876150487809775
0.06037401671150641 0.8440522848732744 -0.028119064431320485
0.03559754313304631 0.6853495637012751 0.01791133749465991
0.024256337360332243 0.5517323704194946 0.03708336995483958
0.014165962073795745 0.3683810058127508 0.042036671597941784
0.02893968992775342 0.6144754099739564 0.029992020718837907
0.029089869431013958 0.6162919128516648 0.029738655792689854
0.019922153735899863 0.48169215351522887 0.04151509738711952
0.031670464646637086 0.6458268213604492 0.025214858862536584
0.08429895304957052 0.9287144896402947 -0.06560618704341648
0.04724660947827244 0.7745550645342983 -0.00440623100278889
0.027169546831155696 0.5921911596450827 0.03287408752772745
0.027871339919938384 0.6012225058093513 0.03175592789384858
0.09031530362508368 0.9450130738055702 -0.07401805659230634
0.0318133656239616 0.6473741286892236 0.02495639323250716
0.025727439816730722 0.5727802900403997 0.03505364636706821
0.029998258347574296 0.6270437078053105 0.02818074865957562
0.04627900997619438 0.7683661417726692 -0.002576314390151349
