4323.143269557742 -127.51755065353092 -1576.4677482742622
3693.0198080125397 -99.00440060420529 -1214.8128282107916
3432.7702097282536 -85.27543949389684 -1061.298933132329
4093.2422750800233 -117.66962041020271 -1446.2478422445245
3821.0512064049376 -105.24172145345598 -1289.4928314837696
4049.65510855715 -115.7433335446679 -1421.3338520905402
3401.832850262021 -83.53061799779488 -1042.9124961898965
3352.0790575845813 -80.66643117974533 -1013.2895013025524
3574.4291067717477 -92.9429793068439 -1145.129425750044
5126.051848223077 -159.5971536614146 -2016.547305425874
3152.397669727129 -68.35742453676133 -893.8383478087029
2620.6502337804236 -26.808192999313256 -574.8113279982318
4786.952841625286 -146.30550664105428 -1833.3030966578349
3893.8466451747 -108.66583256535421 -1331.6878397871176
2553.4031725664872 -20.35159370662606 -534.8985654415328
5285.5005313053525 -165.81703740170747 -2101.5381110566886
3763.8970520378252 -102.49331473449206 -1256.227846613066
2690.567385362076 -33.191584560428076 -616.5050067326392
4008.9046182171073 -113.92241661372896 -1397.976123459321
3724.6018791114884 -100.57054347431016 -1233.2888736950372
1844.4362907292893 -147.4679435861668 4905.941388881676
1690.543107796721 -131.10294656198218 4272.138556940536
1590.3265616309423 -120.05533654030296 3824.11513790928
1617.1524298258375 -123.05367689891939 3947.2181504862333
1424.2219015352443 -100.75066515852872 3009.192315093609
1382.9367161114737 -95.79839348722045 2796.397381112599
1339.240103615137 -90.54865424803263 2571.3812627462025
1513.6822129499112 -111.3023815259029 3458.840942180631
1641.6742907234952 -125.76694756288377 4057.6636936508116
1636.8146125176602 -125.23124662852109 4035.9306198357926
1488.2926115701396 -108.34126895237654 3333.49706179794
1561.6895888585436 -116.81785455268705 3689.996321780784
1506.7638554748944 -110.49846438660308 3424.890393762472
1448.315817399566 -103.62253832504624 3132.2962805610573
1294.1928183500856 -85.17977889052443 2344.0299138135247
1303.1988578013404 -86.24708856219229 2388.8707387397208
1314.7177352367878 -87.61713778629509 2446.7222453844174
1316.5003208321882 -87.82960703463768 2455.7202006178995
1371.7673185029091 -94.45546124780934 2738.7116982812904
1443.6611890391407 -103.06916069518266 3108.6060797081855
139.30601219510132 3698.6565959986024 57.94120907590492
172.35508552802332 5190.652846220923 90.47926644110069
141.1060654803317 2576.1864374688407 22.256791291905778
135.0886524586953 3029.254001286933 38.88468078453533
163.85721225985165 4862.804907668507 83.84104615500932
137.42705401355877 3551.3451871514544 54.14962042884779
173.79578588957438 5245.124647106768 91.57029947579437
143.61374863033512 2482.6460275999902 18.303389352349544
146.828845885725 4129.312394982345 68.17185882315943
135.11277990246555 3248.7768832459024 45.708826233396984
147.12628314461273 4143.941022182958 68.50183863419183
143.93682045884867 2471.7933892346855 17.831819461773712
138.88241572794843 3668.146218140174 57.170443552582626
140.7210083111363 3793.0897290428848 60.28304350509619
179.29886574511983 5451.279349868182 95.67808418499892
140.57964328956058 3784.087533653809 60.06252460584415
138.49379237686028 3638.983990299444 56.426880920055005
139.93784348521228 2627.3119423179896 24.335578428899094
135.11527572855974 3022.2297544712987 38.654754391747346
144.96609485335298 4034.875260138733 66.01768579529445
