1 7.590847316267832
2 0.6964792049535573
3 0.28634844297548595
4 0.04938581724026686
5 0.00858894348701905
6 0.0031142103903011665
7 0.0011611037404127822
8 0.0001973349839810517
9 2.2777747778362494e-05
10 1.0020259864207095e-05
11 2.9077354840486753e-06
12 5.219056822195359e-07
13 5.309426336336441e-08
14 2.9632837973380398e-08
15 1.0367985551015063e-08
16 2.630731680564602e-09
17 6.281407582850799e-11
18 3.306426808350016e-11
19 1.5004759910614292e-11
20 4.0416114312882555e-12
21 6.605888190729258e-14
