1 0.1030355013586717
2 0.0026895866519723323
3 0.0004700052411101276
4 1.7532793071096076e-05
5 1.350171467144575e-06
6 1.1115453722979114e-07
7 3.789364037406885e-09
8 4.0862718246347576e-10
9 8.006597103739765e-12
10 1.295960852450962e-12
11 3.382155900579805e-14
12 3.643981211963061e-15
13 2.6418946678619286e-15
14 2.736276162559043e-15
15 2.9402396828886078e-15
16 2.720144408847437e-15
17 2.533860602239915e-15
18 2.536315636704309e-15
19 2.5539609260030666e-15
20 2.5400367932626265e-15
21 2.5278527978370256e-15
