1 2.6589913985249125
2 0.34637598128247366
3 0.1429156039494074
4 0.021107494813072464
5 0.004985626856967107
6 0.0014944221133539276
7 0.0005820816272251087
8 0.00010468246779673013
9 1.4793601158546713e-05
10 7.295493847462955e-06
11 1.9564173171850014e-06
12 3.3906865105346356e-07
13 3.845091158771456e-08
14 2.271986782295383e-08
15 7.602269041231832e-09
16 2.018794971190987e-09
17 5.0005950361562654e-11
18 2.4310770287072896e-11
19 1.2724461153454427e-11
20 3.5084591791401602e-12
21 5.751010256710928e-14
