0.1 2.35
0.1 -1.2000000000000002
-1.2000000000000002 0.9500000000000001
3.25 -0.25
0.05 -1.1
-3.5500000000000003 -1.1
-2.35 0.05
3.2 2.45
4.45 -3.0
-0.8500000000000001 -1.2000000000000002
-2.0500000000000003 -1.25
-1.6500000000000001 4.800000000000001
0.9 -1.25
1.85 1.0
3.25 0.7000000000000001
1.4500000000000002 -3.35
-4.0 -4.3
1.25 2.8000000000000003
4.55 -0.9
-4.9 -3.4000000000000004
4.15 1.55
2.5500000000000003 -4.15
0.05 -1.9500000000000002
-4.7 1.9000000000000001
3.0 -3.85
-0.4 -0.1
0.2 2.9000000000000004
-0.4 2.45
-1.9000000000000001 0.4
3.6500000000000004 -1.85
-0.45 1.3
3.5500000000000003 2.2
3.35 -1.9000000000000001
2.2 -4.75
3.5 3.8000000000000003
2.6 -0.35000000000000003
-0.7000000000000001 0.7000000000000001
-1.1500000000000001 -4.5
2.0500000000000003 0.8500000000000001
3.75 -3.45
3.3000000000000003 3.0
-3.0 0.15000000000000002
0.0 -4.75
4.05 1.1
0.15000000000000002 2.5500000000000003
1.9000000000000001 0.45
-2.45 -4.3500000000000005
4.2 2.4000000000000004
-4.05 -1.35
-1.6 1.4000000000000001
2.4000000000000004 3.35
-4.1000000000000005 -3.5
4.0 4.1000000000000005
-4.75 -4.65
4.3500000000000005 -2.45
-2.75 4.3500000000000005
1.05 -2.85
-1.9500000000000002 -3.7
1.0 1.4500000000000002
-0.30000000000000004 3.85
-0.8 -3.35
-1.1 -4.7
-1.9500000000000002 -4.8500000000000005
-0.6000000000000001 0.0
-2.8000000000000003 -2.95
0.75 -0.7000000000000001
3.7 4.4
-1.9000000000000001 3.75
1.7000000000000002 0.1
-4.95 3.5500000000000003
1.2000000000000002 -1.6
0.6000000000000001 3.25
-3.7 -2.8000000000000003
-1.3 -3.95
0.25 -0.7000000000000001
-2.6500000000000004 -3.8000000000000003
0.2 -4.45
4.05 5.0
1.55 1.6500000000000001
-3.35 -2.75
-3.2 2.35
-4.8500000000000005 -4.05
4.4 -2.35
-3.0500000000000003 -4.3
-4.75 -0.65
-1.1 1.05
-1.5 2.6500000000000004
-4.4 -2.75
0.8 -1.2000000000000002
-0.75 0.9
1.85 4.800000000000001
3.1500000000000004 -0.5
-0.1 1.5
0.35000000000000003 2.6500000000000004
-0.9500000000000001 -5.0
1.9000000000000001 -3.0
0.9500000000000001 3.1500000000000004
1.25 4.3500000000000005
3.8000000000000003 3.25
2.4000000000000004 3.6500000000000004
-0.30000000000000004 2.5500000000000003
-0.75 -4.4
0.55 4.25
-4.2 4.7
3.75 -1.25
-2.6500000000000004 3.0500000000000003
4.55 -3.45
2.85 0.6000000000000001
0.8500000000000001 0.4
5.0 -2.25
-2.45 -2.95
2.85 -0.45
-0.9 1.7000000000000002
-4.4 3.95
-0.55 -2.6
-3.95 1.35
1.1500000000000001 -4.800000000000001
-4.95 0.65
4.0 2.35
0.7000000000000001 -2.95
-2.45 -2.5500000000000003
-4.2 0.15000000000000002
3.1500000000000004 -2.25
-4.2 -0.6000000000000001
2.6 4.6000000000000005
-0.9 -1.0
2.8000000000000003 1.4500000000000002
1.6500000000000001 1.4500000000000002
0.15000000000000002 4.9
2.6500000000000004 0.2
2.0 -2.5
1.6 3.5
0.8500000000000001 -4.8500000000000005
2.2 2.5
1.05 2.4000000000000004
-4.8500000000000005 0.1
-4.0 4.05
-0.65 2.2
0.4 3.6
-2.5500000000000003 -4.75
4.05 4.7
3.1 4.7
-2.6 -0.6000000000000001
2.8000000000000003 0.30000000000000004
-1.1500000000000001 -2.6500000000000004
1.1 1.4000000000000001
3.0500000000000003 -0.30000000000000004
-3.7 2.0
-5.0 -3.5
2.7 -4.0
0.15000000000000002 4.5
4.5 -0.7000000000000001
4.05 -0.2
-3.25 -3.7
-0.55 -1.35
4.1000000000000005 -1.2000000000000002
0.2 -3.1
-3.9000000000000004 -3.25
-4.05 -2.35
2.0500000000000003 1.5
3.7 0.9
-4.45 0.05
0.6000000000000001 2.3000000000000003
4.4 -1.1500000000000001
-2.35 -4.5
4.65 -0.5
-3.7 -2.3000000000000003
4.15 -4.0
-4.25 1.7000000000000002
-3.5500000000000003 -1.35
2.75 2.85
-4.6000000000000005 0.75
-3.85 2.5500000000000003
0.45 -3.3000000000000003
-2.9000000000000004 0.65
4.45 3.75
4.2 2.6
3.0 4.7
-1.9000000000000001 1.85
-0.55 -2.85
0.55 1.85
2.0 -4.65
1.8 -3.25
-3.6500000000000004 4.0
-0.75 1.1500000000000001
-0.5 -2.25
-4.3 3.95
-1.25 -0.4
0.0 4.800000000000001
2.5500000000000003 -3.5500000000000003
-0.8 -3.6500000000000004
3.4000000000000004 3.1500000000000004
-2.6 -0.8500000000000001
4.75 4.25
-3.75 3.45
-0.7000000000000001 0.65
4.65 -2.0
-4.3 4.25
1.3 -3.5500000000000003
-0.8 1.05
0.8500000000000001 0.15000000000000002
-2.1 0.45
0.9500000000000001 -0.8500000000000001
-3.0 4.8500000000000005
-0.05 1.8
1.0 -4.1000000000000005
0.05 0.75
-4.9 -0.9
2.5500000000000003 2.85
1.3 0.9
-4.1000000000000005 -0.55
4.3 -0.5
4.9 -4.65
0.4 1.85
-3.3000000000000003 3.35
2.0500000000000003 1.0
-2.3000000000000003 1.2000000000000002
-4.05 -1.35
0.7000000000000001 -0.7000000000000001
-0.6000000000000001 4.25
0.15000000000000002 -0.65
3.6500000000000004 -1.8
-0.65 -2.75
2.2 -3.25
1.0 4.4
1.25 1.9000000000000001
0.75 3.45
3.8000000000000003 1.0
4.75 2.85
1.75 -3.2
3.7 -0.30000000000000004
3.25 4.75
-2.2 0.05
-0.55 -3.45
-4.6000000000000005 4.9
1.9500000000000002 1.35
-4.6000000000000005 3.2
0.55 -4.15
3.0500000000000003 4.6000000000000005
-4.2 -1.5
3.95 0.65
0.8500000000000001 4.95
1.4500000000000002 4.3
-3.5 2.95
2.7 -2.0
2.85 2.15
-1.55 -1.0
-1.05 4.5
3.5500000000000003 4.7
4.25 -0.25
-4.25 1.9000000000000001
3.3000000000000003 1.6
2.85 -5.0
-3.2 -1.55
-2.15 0.4
-3.75 -1.9000000000000001
2.0500000000000003 1.4000000000000001
-1.4500000000000002 -1.2000000000000002
3.1 3.5500000000000003
-1.4500000000000002 0.15000000000000002
-2.4000000000000004 4.95
1.25 2.8000000000000003
-1.75 1.4500000000000002
0.30000000000000004 0.35000000000000003
1.4000000000000001 1.1500000000000001
3.1 0.35000000000000003
1.4500000000000002 0.0
4.75 -0.05
0.75 -1.9500000000000002
-4.3 3.95
2.75 -2.75
-1.85 2.8000000000000003
-4.800000000000001 -0.55
-3.85 2.3000000000000003
-0.35000000000000003 4.95
1.5 -2.15
0.35000000000000003 -3.5500000000000003
-3.4000000000000004 2.1
0.55 3.25
-1.4000000000000001 -4.75
-4.0 -2.85
0.8 0.30000000000000004
-1.4000000000000001 -2.6
0.2 -0.75
0.8500000000000001 -3.75
0.8 2.0500000000000003
0.4 -3.8000000000000003
0.75 2.6500000000000004
-4.95 3.6500000000000004
-2.75 -1.75
2.3000000000000003 -1.05
4.75 4.3
-3.0500000000000003 -1.25
3.45 2.15
-1.55 0.9500000000000001
-1.1 -2.35
-3.9000000000000004 1.1500000000000001
-0.1 1.4000000000000001
-3.6500000000000004 -4.15
1.5 0.7000000000000001
0.65 -4.15
-1.75 0.9500000000000001
3.0 -2.5
1.5 -4.0
1.0 2.45
-3.5500000000000003 1.35
-0.5 4.2
-4.05 0.65
4.75 -4.6000000000000005
3.1 3.1
0.15000000000000002 -2.25
3.7 -0.2
4.9 1.25
-3.9000000000000004 2.9000000000000004
3.25 -3.25
1.55 1.1500000000000001
4.75 -3.0
4.5 -4.4
3.5 -4.2
3.45 1.3
1.0 1.9000000000000001
1.9000000000000001 -1.2000000000000002
4.4 -0.6000000000000001
3.9000000000000004 -4.1000000000000005
-2.85 3.5500000000000003
4.15 4.5
-2.7 4.95
-0.05 2.25
4.3 -2.1
2.2 1.7000000000000002
-2.5 2.1
-2.9000000000000004 2.1
0.15000000000000002 4.75
-2.0500000000000003 4.05
1.8 -4.15
0.45 1.3
-2.75 4.75
-4.55 -0.05
4.7 -3.8000000000000003
2.8000000000000003 4.3
1.8 4.15
-5.0 -2.6500000000000004
-0.35000000000000003 -4.3500000000000005
3.6500000000000004 -4.9
1.35 -3.95
-4.9 -2.0
4.2 -0.65
2.9000000000000004 -1.5
3.35 3.95
4.9 -1.6500000000000001
-2.8000000000000003 3.35
-1.1 -1.9000000000000001
3.3000000000000003 -4.05
2.25 1.1500000000000001
2.45 -1.4500000000000002
2.15 1.6500000000000001
-2.25 -0.30000000000000004
-2.2 -0.7000000000000001
-4.3 -4.3500000000000005
-4.4 -4.5
-3.9000000000000004 3.1
-2.1 0.30000000000000004
0.35000000000000003 0.2
-0.2 -3.8000000000000003
-1.1500000000000001 -5.0
-2.0 -1.6
2.6 4.0
1.35 1.5
4.0 4.95
-3.85 -4.7
-4.8500000000000005 4.25
-0.45 2.95
4.7 1.9500000000000002
-2.5 0.1
-3.5 3.0500000000000003
-2.5 -3.25
-4.75 -4.65
-3.25 -2.85
4.1000000000000005 -0.4
-3.3000000000000003 -2.45
-4.55 2.0
-1.85 -3.1500000000000004
3.1500000000000004 2.15
-1.1 -2.75
4.2 5.0
3.3000000000000003 3.4000000000000004
3.0500000000000003 4.0
-1.6 -2.45
1.9500000000000002 -1.8
4.800000000000001 -4.1000000000000005
-1.0 -2.0500000000000003
4.0 -1.85
3.45 -2.7
3.35 -1.1
4.45 3.85
2.7 2.35
-0.75 -4.55
-1.35 2.5500000000000003
-0.1 4.4
-0.65 0.9
-4.05 -4.3500000000000005
-1.6500000000000001 1.9000000000000001
-1.1500000000000001 0.05
-1.3 4.3500000000000005
4.95 -0.75
-1.2000000000000002 -2.7
0.5 -3.6
-0.1 1.25
-0.75 -0.05
0.5 -2.2
4.800000000000001 4.8500000000000005
0.8 0.8
-0.9500000000000001 4.3500000000000005
-1.75 -0.45
-3.0 1.3
1.4000000000000001 -3.4000000000000004
-2.45 -4.1000000000000005
-3.5 0.5
0.35000000000000003 -3.7
-1.75 -4.9
-3.1 -1.6
-1.8 -1.85
3.3000000000000003 0.15000000000000002
-1.1 4.05
-0.5 3.35
1.85 1.35
-2.7 -2.0500000000000003
-1.25 -1.25
1.55 3.3000000000000003
2.25 -1.55
-0.2 1.7000000000000002
-4.3500000000000005 3.8000000000000003
0.45 -1.7000000000000002
4.65 -1.55
1.55 -1.0
-2.0 -3.85
4.3500000000000005 -4.6000000000000005
-2.0500000000000003 0.8500000000000001
-0.65 -4.95
1.6500000000000001 1.2000000000000002
-1.3 -4.75
0.30000000000000004 -2.8000000000000003
-4.0 2.0500000000000003
-1.6500000000000001 -0.9
1.5 -2.8000000000000003
0.0 4.9
4.2 0.15000000000000002
1.75 -2.2
-4.6000000000000005 2.45
-4.7 -2.8000000000000003
1.4000000000000001 4.05
-0.05 1.35
-4.1000000000000005 4.9
2.0500000000000003 0.65
1.5 -1.0
-4.25 -2.45
2.3000000000000003 1.5
-4.7 3.85
3.5 4.9
4.5 0.5
0.9 0.75
0.75 4.0
-3.5 -1.9500000000000002
3.0500000000000003 3.85
-3.25 -3.5500000000000003
-2.6500000000000004 -1.1
1.35 3.35
-3.2 1.3
2.5500000000000003 4.5
-2.45 3.9000000000000004
1.2000000000000002 -2.1
-0.25 -2.1
2.6500000000000004 1.75
-2.5 4.3
-2.6 -3.5500000000000003
2.8000000000000003 -3.2
0.8 -1.3
-4.3500000000000005 -3.4000000000000004
3.75 3.9000000000000004
1.35 -0.55
-1.5 0.30000000000000004
-4.9 -3.25
-4.55 -0.25
-3.5 -2.8000000000000003
1.3 1.6500000000000001
-4.45 -3.95
-3.85 4.3500000000000005
-2.6 0.05
-1.3 0.9500000000000001
2.7 -2.4000000000000004
0.30000000000000004 0.30000000000000004
1.2000000000000002 3.4000000000000004
0.4 -5.0
2.5 0.8
-4.3 -4.55
-0.2 -2.5500000000000003
-0.4 0.35000000000000003
-3.5 1.1500000000000001
-1.85 -3.85
-2.5500000000000003 -2.45
1.25 3.8000000000000003
4.95 2.85
-2.6500000000000004 3.8000000000000003
-1.55 -0.35000000000000003
0.30000000000000004 -0.9500000000000001
-4.25 -0.5
4.9 1.75
1.35 -0.30000000000000004
-1.2000000000000002 -4.800000000000001
-2.5500000000000003 3.3000000000000003
-1.35 -2.0500000000000003
0.4 1.35
2.3000000000000003 3.45
-0.6000000000000001 -2.85
1.6 -2.7
3.0 3.75
0.75 -4.3500000000000005
1.85 1.55
4.4 1.55
4.15 0.05
3.7 0.1
-4.45 0.30000000000000004
-4.0 -1.4000000000000001
1.4000000000000001 -3.0500000000000003
-2.6500000000000004 3.0500000000000003
-2.5 2.2
4.45 -0.45
-2.15 -0.9
-4.4 4.8500000000000005
-2.45 4.5
1.8 -0.05
-1.2000000000000002 3.2
1.05 -4.15
-1.6 -3.1
4.800000000000001 -3.2
-0.5 1.3
-3.9000000000000004 0.05
3.3000000000000003 0.8500000000000001
-4.45 -4.75
4.1000000000000005 -4.0
2.85 -0.6000000000000001
2.1 -4.3500000000000005
0.9 0.35000000000000003
4.15 -1.5
-0.1 1.75
1.4500000000000002 -1.25
1.9000000000000001 -0.30000000000000004
0.35000000000000003 -2.25
0.9500000000000001 1.4000000000000001
-1.8 2.25
-4.05 -2.0500000000000003
3.75 2.2
0.8500000000000001 4.2
3.4000000000000004 3.0
2.4000000000000004 -2.2
3.45 4.65
1.6 -4.3
-0.2 -3.45
0.9500000000000001 -0.30000000000000004
-3.5500000000000003 -0.2
3.75 -3.6500000000000004
-0.5 2.7
-3.6500000000000004 4.2
0.6000000000000001 -3.25
-1.1500000000000001 4.3500000000000005
3.1 3.85
3.6 -0.9500000000000001
-0.30000000000000004 3.5
-4.3500000000000005 -2.0
0.9 2.15
-3.1 -3.45
-3.1500000000000004 -2.0500000000000003
-1.35 -2.75
-4.0 1.4000000000000001
3.6500000000000004 3.0
0.8500000000000001 -3.6
-0.1 0.1
2.6500000000000004 1.9500000000000002
1.1 4.65
-3.1500000000000004 2.2
4.8500000000000005 1.8
0.55 3.9000000000000004
1.25 -4.4
4.8500000000000005 1.4000000000000001
4.05 -1.7000000000000002
4.0 -1.85
-0.55 0.1
-2.0500000000000003 -2.5
2.6 -1.25
2.25 2.4000000000000004
-2.25 2.25
-4.55 -2.5500000000000003
1.25 -0.1
3.2 5.0
0.05 -4.15
-3.6 3.0500000000000003
1.6500000000000001 2.35
-3.75 -2.95
-2.3000000000000003 1.35
-3.5 -1.35
-0.5 -2.15
-0.1 -3.85
-1.75 -1.1500000000000001
1.35 3.25
3.0500000000000003 -2.6500000000000004
-3.6500000000000004 -3.85
3.6 2.35
3.5 -2.4000000000000004
4.4 -1.5
2.8000000000000003 0.5
-1.25 3.0
4.95 -2.5500000000000003
0.65 2.8000000000000003
-3.0 0.5
-3.25 -0.9
0.25 3.35
-1.4000000000000001 0.05
-1.4000000000000001 -2.4000000000000004
2.6500000000000004 -3.9000000000000004
-4.1000000000000005 3.4000000000000004
2.0 2.45
3.0500000000000003 -3.35
-1.1500000000000001 -4.55
-5.0 3.6500000000000004
3.25 3.25
4.05 4.25
-0.5 -3.1500000000000004
0.55 2.8000000000000003
2.7 -2.0500000000000003
-1.2000000000000002 3.35
-4.8500000000000005 4.8500000000000005
3.1 -2.5500000000000003
3.5500000000000003 0.35000000000000003
2.7 -0.8500000000000001
0.55 0.9
0.45 1.7000000000000002
-0.8500000000000001 -3.3000000000000003
1.7000000000000002 2.35
-1.8 -2.15
-4.45 0.4
-3.0 0.6000000000000001
4.05 4.2
2.3000000000000003 3.4000000000000004
-1.35 -2.85
2.0 2.1
2.5500000000000003 4.65
-0.4 -1.4000000000000001
-0.7000000000000001 -1.35
2.95 -2.25
0.8 -0.55
3.2 2.25
0.05 2.7
-2.95 0.5
3.4000000000000004 2.3000000000000003
-1.4500000000000002 -1.1
3.7 1.1
-3.4000000000000004 3.85
-3.5 1.85
-0.9500000000000001 3.6500000000000004
0.55 -3.75
2.25 4.8500000000000005
2.3000000000000003 1.35
-1.4500000000000002 -3.45
-4.9 -2.4000000000000004
-0.6000000000000001 -3.1
0.7000000000000001 3.95
0.9 0.15000000000000002
4.3500000000000005 -2.4000000000000004
0.75 3.5500000000000003
-0.25 -4.4
-4.9 -4.7
-2.85 -2.6
2.7 -4.4
2.6500000000000004 0.55
-0.6000000000000001 3.35
-1.35 -4.4
-1.4500000000000002 -4.05
2.15 0.30000000000000004
4.15 1.0
-2.1 -3.5500000000000003
2.75 -4.95
-1.9500000000000002 2.3000000000000003
0.30000000000000004 3.25
4.800000000000001 1.1
-1.4500000000000002 2.0
-1.55 -1.8
-2.95 -0.8
0.8 2.75
3.8000000000000003 4.95
-3.7 1.9500000000000002
-1.2000000000000002 -3.95
-3.4000000000000004 -4.6000000000000005
0.9 -3.85
1.9000000000000001 -3.75
4.7 2.0500000000000003
-5.0 3.8000000000000003
4.3500000000000005 3.0500000000000003
-4.75 4.800000000000001
3.0500000000000003 -2.35
3.7 0.9500000000000001
4.15 3.7
-3.45 0.7000000000000001
-2.75 -4.3
0.0 3.45
-1.35 -4.5
3.5500000000000003 3.8000000000000003
1.25 -1.6500000000000001
-0.25 -3.0500000000000003
-3.1500000000000004 -4.6000000000000005
4.25 -3.7
1.0 3.2
-1.4500000000000002 1.3
-2.0500000000000003 -0.2
3.0500000000000003 -4.15
0.45 -1.35
-4.3 0.2
1.2000000000000002 4.45
2.85 3.6500000000000004
-0.8 0.9500000000000001
-3.85 -0.2
-3.0 0.45
-4.2 -2.8000000000000003
4.8500000000000005 -2.6500000000000004
-3.1 3.1500000000000004
-0.1 2.1
4.5 -3.3000000000000003
-0.4 -3.0
-4.2 -3.35
4.5 -3.25
3.0 0.8
-4.05 4.0
4.05 -2.45
-1.85 -1.05
3.95 -3.45
-4.55 1.4500000000000002
1.25 0.8
-2.7 2.2
-0.45 -3.6500000000000004
0.75 -5.0
-4.6000000000000005 3.5500000000000003
-2.35 -0.30000000000000004
2.2 4.0
-1.6 1.5
-1.5 3.6
3.25 4.75
2.1 -3.85
1.3 3.45
-4.9 0.30000000000000004
4.6000000000000005 -1.3
-3.1500000000000004 1.6
0.7000000000000001 -0.6000000000000001
2.6 2.95
2.7 4.45
3.35 3.2
-1.3 -4.25
-3.75 0.5
0.5 2.0500000000000003
-1.0 1.85
-1.6 1.2000000000000002
2.75 1.55
-0.75 -2.75
0.55 3.0
-2.3000000000000003 -3.25
-4.65 -1.75
-1.1500000000000001 -2.4000000000000004
3.4000000000000004 -5.0
2.15 -0.75
-4.7 -1.6
2.15 -0.25
-0.9500000000000001 -1.1500000000000001
-3.35 -2.2
4.15 -1.75
-0.9500000000000001 -3.4000000000000004
3.2 4.05
0.0 3.45
-2.0500000000000003 -4.3500000000000005
-1.1500000000000001 3.7
3.45 2.0500000000000003
4.7 -1.1
3.4000000000000004 -0.8500000000000001
-1.4000000000000001 -0.9
3.45 3.3000000000000003
0.9 2.4000000000000004
4.0 -2.2
2.0500000000000003 4.1000000000000005
-2.6500000000000004 1.6
-2.95 2.25
-1.05 -4.25
-1.9500000000000002 1.25
3.9000000000000004 -0.25
-0.30000000000000004 3.85
-2.3000000000000003 -4.55
-4.75 -1.55
-2.0500000000000003 0.0
-3.5 -4.0
3.7 0.1
2.4000000000000004 -2.8000000000000003
-3.0 1.5
1.4000000000000001 2.9000000000000004
1.1500000000000001 1.7000000000000002
0.65 2.6
-4.3 -2.25
-3.45 -1.75
-0.5 4.4
4.75 -0.30000000000000004
2.2 -4.4
-1.2000000000000002 1.05
-1.3 -0.8
5.0 0.6000000000000001
2.25 1.2000000000000002
-1.6 -3.5500000000000003
-1.05 1.2000000000000002
-1.8 3.1500000000000004
-0.35000000000000003 0.65
4.7 0.1
0.7000000000000001 -4.05
1.0 -4.9
-1.6 -3.25
-4.1000000000000005 -1.0
3.0 -0.8500000000000001
-1.05 0.30000000000000004
3.25 -3.7
-3.6 -0.75
-0.9 4.05
3.6500000000000004 3.4000000000000004
-0.7000000000000001 2.45
4.65 2.25
4.25 0.30000000000000004
-1.9500000000000002 4.45
-1.85 1.25
4.7 2.85
-1.1500000000000001 -3.3000000000000003
3.9000000000000004 3.6500000000000004
-1.9500000000000002 3.6
-2.75 -2.4000000000000004
-2.15 3.45
0.75 -4.5
1.75 1.75
-0.6000000000000001 -4.9
4.45 -3.9000000000000004
0.75 -4.0
2.3000000000000003 -4.25
0.6000000000000001 1.85
-3.3000000000000003 4.2
0.75 -2.25
-2.35 -3.6500000000000004
4.15 -4.05
1.4500000000000002 -3.1
2.35 -3.0
-3.1500000000000004 -1.35
-4.7 3.2
3.45 -0.30000000000000004
-4.3500000000000005 4.8500000000000005
2.0500000000000003 -1.6500000000000001
0.9500000000000001 -0.65
-1.35 -4.25
-4.800000000000001 -2.1
-3.25 -4.75
-1.3 0.8500000000000001
-0.7000000000000001 -2.45
-4.5 -3.4000000000000004
0.2 -2.7
-4.4 -2.6
5.0 4.0
-0.5 4.2
-1.35 3.85
0.35000000000000003 -3.5
2.3000000000000003 -2.0500000000000003
-3.35 1.4000000000000001
-4.3500000000000005 -2.25
4.2 -1.0
-0.45 4.65
-3.7 3.3000000000000003
1.75 3.45
1.8 -0.45
2.75 -2.95
-0.15000000000000002 -0.7000000000000001
4.800000000000001 0.30000000000000004
0.6000000000000001 -3.95
-3.45 -2.2
1.2000000000000002 -4.0
-3.7 0.65
-3.9000000000000004 -0.1
2.6500000000000004 2.25
1.6 -2.35
-0.8 -1.35
-0.35000000000000003 -2.45
-3.5500000000000003 -4.9
-4.2 4.1000000000000005
-0.9500000000000001 2.6500000000000004
1.75 -1.8
2.45 0.6000000000000001
2.25 -0.9
1.85 -3.7
2.8000000000000003 0.30000000000000004
3.25 -0.4
-4.6000000000000005 3.0500000000000003
0.55 -4.7
0.1 -1.7000000000000002
2.45 4.2
-0.25 -1.7000000000000002
-0.05 0.35000000000000003
4.1000000000000005 -3.2
1.6500000000000001 0.75
4.3500000000000005 -0.9
4.55 -3.25
-1.55 2.6
1.9500000000000002 2.2
0.8 2.6
0.6000000000000001 3.6500000000000004
-1.6 -1.7000000000000002
-4.05 -0.8500000000000001
-1.6 -0.2
3.5500000000000003 0.45
4.8500000000000005 2.45
2.0 -3.1500000000000004
1.0 3.5
-4.8500000000000005 0.8500000000000001
-4.75 -3.5500000000000003
0.35000000000000003 -2.9000000000000004
0.15000000000000002 3.6
2.15 1.35
-2.6 2.8000000000000003
0.65 -4.3
-2.35 3.7
3.45 4.7
4.75 0.1
4.95 3.35
2.15 -4.55
4.75 -0.1
-4.3 4.9
-4.800000000000001 -3.25
-3.45 -2.5500000000000003
3.75 2.4000000000000004
4.05 -1.4000000000000001
-0.2 1.4000000000000001
-1.55 2.45
1.75 0.25
-4.15 -0.8
-0.9500000000000001 -4.3500000000000005
-1.4500000000000002 -4.9
-2.45 4.3500000000000005
2.0 3.7
-4.800000000000001 1.55
0.5 -4.3500000000000005
-2.6 4.05
-2.4000000000000004 -3.1
-0.15000000000000002 0.15000000000000002
-4.65 4.55
0.9500000000000001 -3.6500000000000004
-1.8 -4.800000000000001
4.800000000000001 -4.3500000000000005
-3.25 -5.0
1.85 0.6000000000000001
-0.75 -3.1
-0.05 3.25
-4.9 3.1500000000000004
0.8 -4.7
-1.05 -0.75
0.9500000000000001 -1.35
-4.6000000000000005 -1.3
0.45 -2.4000000000000004
-4.1000000000000005 -4.45
4.9 -0.9
4.3500000000000005 -4.7
2.85 -4.05
-1.3 2.7
-3.75 1.1
-2.75 3.1
0.7000000000000001 -0.8
0.05 -4.2
-0.30000000000000004 -3.8000000000000003
0.9 -1.75
2.75 1.4500000000000002
-4.6000000000000005 -0.9500000000000001
4.7 0.55
-0.30000000000000004 3.85
0.9 2.0
4.7 -4.2
1.6 0.05
-4.95 1.4500000000000002
-3.6 0.55
3.75 -4.05
-2.3000000000000003 1.85
4.4 4.7
-2.75 3.45
0.2 3.7
0.2 -2.15
0.55 -2.25
0.7000000000000001 -4.9
2.6500000000000004 -3.5
-4.8500000000000005 3.25
-4.7 -2.3000000000000003
-1.7000000000000002 0.8500000000000001
4.2 4.800000000000001
-1.2000000000000002 -2.6500000000000004
2.75 1.5
-1.9500000000000002 -0.55
4.0 3.35
4.3 3.5500000000000003
